0.00		0
0.02		0
0.04		0.1962
0.06		0.3923866
0.08		0.588533
0.09		0.7846124
0.12		0.9805981
0.14		1.176463
0.16		1.372181
0.18		1.567726
0.20 		1.76307
0.22		1.958188
0.24		2.153053
0.26		2.347639
0.28		2.54192
0.30		2.73587
0.32		2.929464
0.34		3.122676
0.36		3.315481
0.38		3.507853
0.40		3.699769
0.42		3.891203
0.44		4.082131
0.46		4.272529
0.48		4.462373
0.50		4.651639
0.52		4.840305
0.54		5.028348
0.56		5.215744
0.58		5.402472
0.60 		5.58851
0.61		5.773836
0.63		5.958428
0.65		6.142267
0.67		6.325331
0.69		6.5076
0.71		6.689054
0.73		6.869676
0.75		7.049444
0.77		7.228341
0.79		7.406349
0.81		7.583449
0.83		7.759626
0.85		7.934861
0.87		8.109138
0.89		8.282442
0.91		8.454757
0.93		8.626067
0.95		8.796359
0.97		8.965618
0.99		9.13383
1.02		9.300982
1.04		9.467062
1.06		9.632056
1.08		9.795953
1.10		9.958741
1.12		10.12041
1.14		10.28095
1.15		10.44035
1.17		10.59859
1.19		10.75568
1.21		10.9116
1.23		11.06635
1.25		11.21991
1.27		11.37227
1.29		11.52344
1.31		11.67341
1.33		11.82216
1.35		11.9697
1.37		12.11601
1.39		12.2611
1.41		12.40496
1.43		12.54758
1.45		12.68896
1.47		12.8291
1.49		12.96799
1.51		13.10564
1.53		13.24203
1.55		13.37718
1.57		13.51107
1.59		13.64371
1.61		13.77509
1.63		13.90523
1.65		14.0341
1.67		14.16173
1.69		14.2881
1.71		14.41321
1.73		14.53708
1.75		14.6597
1.77		14.78107
1.79		14.9012
1.81		15.02009
1.83		15.13774
1.85		15.25415
1.87		15.36933
1.89		15.48329
1.91		15.59602
1.93		15.70753
1.95		15.81782
1.97		15.9269
1.99		16.03478
2.01		16.14145
2.03		16.24694
2.05		16.35123
2.07		16.45434
2.09		16.55627
2.11		16.65703
2.13		16.75662
2.15		16.85506
2.17		16.95234
2.19		17.04848
2.21		17.14348
2.23		17.23735
2.25		17.33009
2.27		17.42172
2.29		17.51224
2.31		17.60166
2.33		17.68999
2.35		17.77723
2.37		17.86339
2.39		17.94848
2.41		18.03252
2.43		18.1155
2.45		18.19744
2.47		18.27834
2.49		18.35821
2.51		18.43706
2.53		18.5149
2.55		18.59175
2.57		18.66759
2.59		18.74246
2.61		18.81635
2.63		18.88927
2.65		18.96124
2.67		19.03226
2.69		19.10234
2.71		19.17148
2.73		19.23971
2.75		19.30702
2.77		19.37343
2.79		19.43895
2.81		19.50358
2.83		19.56734
2.85		19.63022
2.87		19.69225
2.89		19.75343
2.91		19.81377
2.93		19.87328
2.95		19.93196
2.97		19.98984
2.99		20.0469
3.01		20.10318
3.03		20.15866
3.05		20.21337
3.07		20.26731
3.09		20.32049
3.11		20.37292
3.13		20.4246
3.15		20.47555
3.17		20.52577
3.19		20.57528
3.21		20.62408
3.23		20.67218
3.25		20.71959
3.27		20.76631
3.29		20.81236
3.31		20.85774
3.33		20.90247
3.35		20.94654
3.37		20.98997
3.39		21.03277
3.41		21.07494
3.43		21.1165
3.45		21.15744
3.47		21.19778
3.49		21.23752
3.51		21.27668
3.53		21.31526
3.55		21.35327
3.57		21.39071
3.59		21.42759
3.61		21.46393
3.63		21.49972
3.65		21.53497
3.67		21.5697
3.69		21.60391
3.71		21.6376
3.73		21.67079
3.75		21.70347
3.77		21.73566
3.79		21.76736
3.81		21.79859
3.83		21.82934
3.85		21.85962
3.87		21.88944
3.89		21.91881
3.91		21.94773
3.93		21.97621
3.95		22.00426
3.97		22.03187
3.99		22.05906
4.01		22.08584
4.03		22.1122
4.05		22.13815
4.07		22.16371
4.09		22.18887
4.11		22.21364
4.13		22.23803
4.15		22.26204
4.17		22.28568
4.19		22.30896
4.21		22.33187
4.23		22.35443
4.25		22.37663
4.27		22.39849
4.29		22.42001
4.31		22.44119
4.33		22.46205
4.35		22.48257
4.37		22.50278
4.39		22.52267
4.41		22.54224
4.43		22.56151
4.45		22.58048
4.47		22.59915
4.49		22.61752
4.51		22.63561
4.53		22.65341
4.55		22.67093
4.57		22.68818
4.59		22.70515
4.61		22.72185
4.63		22.73829
4.65		22.75447
4.67		22.77039
4.69		22.78606
4.71		22.80148
4.73		22.81666
4.75		22.83159
4.77		22.84629
4.79		22.86075
4.81		22.87499
4.83		22.889
4.85		22.90278
4.87		22.91635
4.89		22.92969
4.91		22.94283
4.93		22.95576
4.95		22.96847
4.97		22.98099
4.99		22.99331
5.01		23.00542
5.03		23.01735
5.05		23.02908
5.07		23.04062
5.09		23.05198
5.11		23.06316
5.13		23.07416
5.15		23.08498
5.17		23.09563
5.19		23.1061
5.21		23.11641
5.23		23.12655
5.25		23.13653
5.27		23.14635
5.29		23.156
5.31		23.16551
5.33		23.17486
5.35		23.18406
5.37		23.19311
5.39		23.20201
5.41		23.21077
5.43		23.21939
5.45		23.22787
5.47		23.23622
5.49		23.24442
5.51		23.2525
5.53		23.26044
5.55		23.26826
5.57		23.27595
5.59		23.28351
5.61		23.29095
5.63		23.29827
5.65		23.30548
5.67		23.31256
5.69		23.31953
5.71		23.32639
5.73		23.33314
5.75		23.33977
5.77		23.3463
5.79		23.35272
5.81		23.35904
5.83		23.36526
5.85		23.37137
5.87		23.37739
5.89		23.3833
5.91		23.38912
5.93		23.39485
5.95		23.40048
5.97		23.40602
5.99		23.41147
6.01		23.41683
6.03		23.42211
6.05		23.4273
6.07		23.4324
6.09		23.43742
6.11		23.44236
6.13		23.44722
6.15		23.45199
6.17		23.45669
6.19		23.46132
6.21		23.46586
6.23		23.47034
6.25		23.47474
6.27		23.47906
6.29		23.48332
6.31		23.48751
6.33		23.49163
6.35		23.49568
6.37		23.49967
6.39		23.50359
6.41		23.50745
6.43		23.51124
6.45		23.51497
6.47		23.51864
6.49		23.52225
6.51		23.5258
6.53		23.5293
6.55		23.53273
6.57		23.53611
6.59		23.53944
6.61		23.54271
6.63		23.54592
6.65		23.54908
6.67		23.55219
6.69		23.55525
6.71		23.55826
6.73		23.56122
6.75		23.56414
6.77		23.567
6.79		23.56982
6.81		23.57259
6.83		23.57532
6.85		23.578
6.87		23.58063
6.89		23.58323
6.91		23.58578
6.93		23.58829
6.95		23.59076
6.97		23.59318
6.99		23.59557
7.01		23.59792
7.03		23.60023
7.05		23.6025
7.07		23.60473
7.09		23.60693
7.11		23.60909
7.13		23.61122
7.15		23.61331
7.17		23.61537
7.19		23.61739
7.21		23.61938
7.23		23.62134
7.25		23.62326
7.27		23.62515
7.29		23.62701
7.31		23.62885
7.33		23.63065
7.35		23.63242
7.37		23.63416
7.39		23.63587
7.41		23.63756
7.43		23.63922
7.45		23.64085
7.47		23.64245
7.49		23.64403
7.51		23.64558
7.53		23.6471
7.55		23.64861
7.57		23.65008
7.59		23.65153
7.61		23.65296
7.63		23.65436
7.65		23.65574
7.67		23.6571
7.69		23.65844
7.71		23.65975
7.73		23.66105
7.75		23.66232
7.77		23.66356
7.79		23.66479
7.81		23.666
7.83		23.66719
7.85		23.66836
7.87		23.66951
7.89		23.67064
7.91		23.67175
7.93		23.67285
7.95		23.67393
7.97		23.67498
7.99		23.67603
8.01		23.67705
8.03		23.67806
8.05		23.67905
8.07		23.68002
8.09		23.68098
8.11		23.68192
8.13		23.68285
8.15		23.68376
8.17		23.68466
8.19		23.68554
8.21		23.68641
8.23		23.68726
8.25		23.6881
8.28		23.68892
8.30		23.68973
8.32		23.69053
8.34		23.69131
8.36		23.69209
8.38		23.69285
8.40		23.69359
8.42		23.69433
8.44		23.69505
8.46		23.69576
8.48		23.69646
8.50		23.69714
8.52		23.69782
8.54		23.69848
8.56		23.69914
8.58		23.69978
8.60		23.70041
8.62		23.70103
8.64		23.70164
8.66		23.70225
8.68		23.70284
8.70		23.70342
8.72		23.70399
8.74		23.70455
8.76		23.70511
8.78		23.70565
8.80		23.70619
8.82		23.70671
8.84		23.70723
8.86		23.70774
8.88		23.70824
8.90		23.70873
8.92		23.70922
8.94		23.70969
8.96		23.71016
8.98		23.71062
9.00		23.71108
9.02		23.71152
9.04		23.71196
9.06		23.71239
9.08		23.71282
9.10		23.71324
9.12		23.71365
9.14		23.71405
9.16		23.71445
9.18		23.71484
9.20		23.71522
9.22		23.7156
9.24		23.71597
9.26		23.71633
9.28		23.71669
9.30		23.71704
9.32		23.71739
9.34		23.71773
9.36		23.71807
9.38		23.7184
9.40		23.71872
9.42		23.71904
9.44		23.71936
9.46		23.71967
9.48		23.71997
9.50		23.72027
9.52		23.72056
9.54		23.72085
9.56		23.72114
9.58		23.72142
9.60		23.72169
9.62		23.72196
9.64		23.72223
9.66		23.72249
9.68		23.72275
9.70		23.723
9.72		23.72325
9.74		23.72349
9.76		23.72373
9.78		23.72397
9.80		23.7242
9.82		23.72443
9.84		23.72466
9.86		23.72488
9.88		23.72509
9.90		23.72531
9.92		23.72552
9.94		23.72573
9.96		23.72593
9.98		23.72613
10.00		23.72633
10.02		23.72652
10.04		23.72671
10.06		23.7269
10.08		23.72708
10.10		23.72726
10.12		23.72744
10.14		23.72762
10.16		23.72779
10.18		23.72796
10.20		23.72812
10.22		23.72829
10.24		23.72845
10.26		23.72861
10.28		23.72877
10.30		23.72892
10.32		23.72907
10.34		23.72922
10.36		23.72936
10.38		23.72951
10.40		23.72965
10.42		23.72979
10.44		23.72993
10.46		23.73006
10.48		23.73019
10.50		23.73032
10.52		23.73045
10.54		23.73057
10.56		23.7307
10.58		23.73082
10.60		23.73094
10.62		23.73106
10.64		23.73117
10.66		23.73129
10.68		23.7314
10.70		23.73151
10.72		23.73162
10.74		23.73173
10.76		23.73183
10.78		23.73194
10.80		23.73204
10.82		23.73214
10.84		23.73223
10.86		23.73233
10.88		23.73242
10.90		23.73252
10.92		23.73261
10.94		23.7327
10.96		23.73279
10.98		23.73287
11.00		23.73296
11.02		23.73304
11.04		23.73313
11.06		23.73321
11.08		23.73329
11.10		23.73337
11.12		23.73344
11.14		23.73352
11.16		23.73359
11.18		23.73367
11.20		23.73374
11.22		23.73381
11.24		23.73388
11.26		23.73395
11.28		23.73402
11.30		23.73409
11.32		23.73415
11.34		23.73422
11.36		23.73428
11.38		23.73434
11.40		23.7344
11.42		23.73446
11.44		23.73452
11.46		23.73458
11.48		23.73464
11.50		23.7347
11.52		23.73475
11.54		23.73481
11.56		23.73486
11.58		23.73491
11.60		23.73497
11.62		23.73502
11.64		23.73507
11.66		23.73512
11.68		23.73516
11.70		23.73521
11.72		23.73526
11.74		23.73531
11.76		23.73535
11.78		23.7354
11.80		23.73544
11.82		23.73548
11.84		23.73553
11.86		23.73557
11.88		23.73561
11.90		23.73565
11.92		23.73569
11.94		23.73573
11.96		23.73577
11.98		23.7358
12.00		23.73584
12.02		23.73588
12.04		23.73591
12.06		23.73595
12.08		23.73598
12.10		23.73602
12.12		23.73605
12.14		23.73608
12.16		23.73612
12.18		23.73615
12.20		23.73618
12.22		23.73621
12.24		23.73624
12.26		23.73627
12.28		23.7363
12.30		23.73633
12.32		23.73636
12.34		23.73639
12.36		23.73641
12.38		23.73644
12.40		23.73647
12.42		23.73649
12.44		23.73652
12.46		23.73655
12.48		23.73657
12.50		23.7366
12.52		23.73662
12.54		23.73664
12.56		23.73667
12.58		23.73669
12.60		23.73671
12.62		23.73673
12.64		23.73676
12.66		23.73678
12.68		23.7368
12.70		23.73682
12.72		23.73684
12.74		23.73686
12.76		23.73688
12.78		23.7369
12.80		23.73692
12.82		23.73694
12.84		23.73696
12.86		23.73697
12.88		23.73699
12.90		23.73701
12.92		23.73703
12.94		23.73704
12.96		23.73706
12.98		23.73708
13.00		23.73709
13.02		23.73711
13.04		23.73712
13.06		23.73714
13.08		23.73715
13.10		23.73717
13.12		23.73718
13.14		23.7372
13.16		23.73721
13.18		23.73723
13.20		23.73724
13.22		23.73725
13.24		23.73727
13.26		23.73728
13.28		23.73729
13.30		23.73731
13.32		23.73732
13.34		23.73733
13.36		23.73734
13.38		23.73735
13.40		23.73736
13.42		23.73738
13.44		23.73739
13.46		23.7374
13.48		23.73741
13.50		23.73742
13.52		23.73743
13.54		23.73744
13.56		23.73745
13.58		23.73746
13.60		23.73747
13.62		23.73748
13.64		23.73749
13.66		23.7375
13.68		23.73751
13.70		23.73752
13.72		23.73753
13.74		23.73754
13.76		23.73754
13.78		23.73755
13.80		23.73756
13.82		23.73757
13.84		23.73757
13.86		23.73758
13.88		23.73759
13.90		23.7376
13.92		23.7376
13.94		23.73761
13.96		23.73762
13.98		23.73763
14.00		23.73763
14.02		23.73764
14.04		23.73765
14.06		23.73766
14.08		23.73766
14.10		23.73767
14.12		23.73767
14.14		23.73768
14.16		23.73768
14.18		23.73769
14.20		23.7377
14.22		23.7377
14.24		23.73771
14.26		23.73771
14.28		23.73772
14.30		23.73772
14.32		23.73773
14.34		23.73774
14.36		23.73774
14.38		23.73775
14.40		23.73775
14.42		23.73776
14.44		23.73776
14.46		23.73777
14.48		23.73777
14.50		23.73778
14.52		23.73778
14.54		23.73779
14.56		23.73779
14.58		23.73779
14.60		23.7378
14.62		23.7378
14.64		23.7378
14.66		23.73781
14.68		23.73781
14.70		23.73782
14.72		23.73782
14.74		23.73782
14.76		23.73783
14.78		23.73783
14.80		23.73783
14.82		23.73784
14.84		23.73784
14.86		23.73785
14.88		23.73785
14.90		23.73785
14.92		23.73786
14.94		23.73786
14.96		23.73787
14.98		23.73787
15.00		23.73787