0		0
0.02		0
0.04		23.54167
0.06		23.1525
0.08		22.76966
0.09		22.39294
0.12		22.02215
0.14		21.65709
0.16		21.29758
0.18		20.94345
0.20		20.59453
0.22		20.25065
0.24		19.91166
0.26		19.57742
0.28		19.24777
0.30		18.92257
0.32		18.6017
0.34		18.28502
0.36		17.97241
0.38		17.66374
0.40		17.35891
0.42		17.05779
0.44		16.76028
0.46		16.46627
0.48		16.17566
0.50		15.88836
0.52		15.60427
0.54		15.32329
0.56		15.04533
0.58		14.77032
0.60		14.49815
0.61		14.22877
0.63		13.96208
0.65		13.698
0.67		13.43647
0.69		13.17741
0.71		12.92075
0.73		12.66642
0.75		12.41436
0.77		12.1645
0.79		11.91677
0.81		11.67113
0.83		11.4275
0.85		11.18583
0.87		10.94607
0.89		10.70815
0.91		10.47202
0.93		10.23764
0.95		10.00495
0.97		9.773895
0.99		9.544434
1.02		9.316515
1.04		9.090094
1.06		8.865123
1.08		8.641559
1.10		8.419357
1.12		8.198476
1.14		7.978873
1.15		7.760507
1.17		7.543337
1.19		7.327324
1.21		7.112431
1.23		6.898617
1.25		6.685847
1.27		6.474083
1.29		6.263289
1.31		6.053431
1.33		5.844472
1.35		5.636379
1.37		5.429117
1.39		5.222654
1.41		5.016957
1.43		4.811994
1.45		4.607731
1.47		4.404139
1.49		4.201186
1.51		3.99884
1.53		3.797073
1.55		3.595853
1.57		3.395151
1.59		3.194937
1.61		2.995183
1.63		2.795859
1.65		2.596938
1.67		2.39839
1.69		2.200187
1.71		2.002301
1.73		1.804705
1.75		1.607371
1.77		1.410272
1.79		1.213379
1.81		1.016667
1.83		0.8201066
1.85		0.6236724
1.87		0.427337
1.89		0.2310734
1.91		0.0348548
1.93		-0.1613456
1.95		-0.3575366
1.97		-0.553692
1.99		-0.7497853
2.01		-0.9457896
2.03		-1.141678
2.05		-1.337424
2.07		-1.533001
2.09		-1.728383
2.11		-1.923543
2.13		-2.118455
2.15		-2.313092
2.17		-2.507429
2.19		-2.70144
2.21		-2.895099
2.23		-3.088381
2.25		-3.28126
2.27		-3.473711
2.29		-3.66571
2.31		-3.857231
2.33		-4.048251
2.35		-4.238745
2.37		-4.428689
2.39		-4.61806
2.41		-4.806835
2.43		-4.99499
2.45		-5.182503
2.47		-5.369351
2.49		-5.555513
2.51		-5.740967
2.53		-5.925691
2.55		-6.109665
2.57		-6.292868
2.59		-6.475279
2.61		-6.65688
2.63		-6.837651
2.65		-7.017572
2.67		-7.196625
2.69		-7.374792
2.71		-7.552055
2.73		-7.728397
2.75		-7.903801
2.77		-8.07825
2.79		-8.251728
2.81		-8.42422
2.83		-8.595711
2.85		-8.766185
2.87		-8.935628
2.89		-9.104027
2.91		-9.271368
2.93		-9.437638
2.95		-9.602826
2.97		-9.766918
2.99		-9.929904
3.01		-10.09177
3.03		-10.25251
3.05		-10.41211
3.07		-10.57057
3.09		-10.72786
3.11		-10.88399
3.13		-11.03894
3.15		-11.19271
3.17		-11.34529
3.19		-11.49668
3.21		-11.64686
3.23		-11.79583
3.25		-11.94358
3.27		-12.09011
3.29		-12.23542
3.31		-12.37949
3.33		-12.52233
3.35		-12.66393
3.37		-12.80429
3.39		-12.94341
3.41		-13.08128
3.43		-13.2179
3.45		-13.35326
3.47		-13.48738
3.49		-13.62024
3.51		-13.75185
3.53		-13.8822
3.55		-14.0113
3.57		-14.13915
3.59		-14.26574
3.61		-14.39108
3.63		-14.51517
3.65		-14.63801
3.67		-14.75961
3.69		-14.87996
3.71		-14.99906
3.73		-15.11693
3.75		-15.23356
3.77		-15.34896
3.79		-15.46314
3.81		-15.57608
3.83		-15.68781
3.85		-15.79832
3.87		-15.90761
3.89		-16.01571
3.91		-16.12259
3.93		-16.22829
3.95		-16.33279
3.97		-16.43611
3.99		-16.53825
4.01		-16.63922
4.03		-16.73902
4.05		-16.83766
4.07		-16.93515
4.09		-17.03149
4.11		-17.12669
4.13		-17.22076
4.15		-17.3137
4.17		-17.40553
4.19		-17.49625
4.21		-17.58586
4.23		-17.67438
4.25		-17.76182
4.27		-17.84817
4.29		-17.93345
4.31		-18.01767
4.33		-18.10084
4.35		-18.18296
4.37		-18.26404
4.39		-18.3441
4.41		-18.42313
4.43		-18.50116
4.45		-18.57817
4.47		-18.6542
4.49		-18.72924
4.51		-18.8033
4.53		-18.8764
4.55		-18.94853
4.57		-19.01972
4.59		-19.08996
4.61		-19.15928
4.63		-19.22766
4.65		-19.29514
4.67		-19.36171
4.69		-19.42738
4.71		-19.49217
4.73		-19.55608
4.75		-19.61912
4.77		-19.6813
4.79		-19.74263
4.81		-19.80312
4.83		-19.86277
4.85		-19.9216
4.87		-19.97962
4.89		-20.03683
4.91		-20.09324
4.93		-20.14887
4.95		-20.20371
4.97		-20.25779
4.99		-20.3111
5.01		-20.36366
5.03		-20.41548
5.05		-20.46656
5.07		-20.51691
5.09		-20.56654
5.11		-20.61547
5.13		-20.66369
5.15		-20.71122
5.17		-20.75806
5.19		-20.80423
5.21		-20.84973
5.23		-20.89457
5.25		-20.93876
5.27		-20.98231
5.29		-21.02522
5.31		-21.0675
5.33		-21.10916
5.35		-21.15021
5.37		-21.19066
5.39		-21.23051
5.41		-21.26977
5.43		-21.30845
5.45		-21.34656
5.47		-21.3841
5.49		-21.42108
5.51		-21.45751
5.53		-21.4934
5.55		-21.52875
5.57		-21.56357
5.59		-21.59787
5.61		-21.63165
5.63		-21.66493
5.65		-21.6977
5.67		-21.72998
5.69		-21.76177
5.71		-21.79308
5.73		-21.82391
5.75		-21.85428
5.77		-21.88418
5.79		-21.91363
5.81		-21.94263
5.83		-21.97119
5.85		-21.99931
5.87		-22.027
5.89		-22.05426
5.91		-22.08111
5.93		-22.10754
5.95		-22.13357
5.97		-22.1592
5.99		-22.18443
6.01		-22.20927
6.03		-22.23373
6.05		-22.2578
6.07		-22.28151
6.09		-22.30485
6.11		-22.32783
6.13		-22.35044
6.15		-22.37271
6.17		-22.39463
6.19		-22.41621
6.21		-22.43745
6.23		-22.45836
6.25		-22.47895
6.27		-22.49921
6.29		-22.51916
6.31		-22.53879
6.33		-22.55811
6.35		-22.57713
6.37		-22.59585
6.39		-22.61428
6.41		-22.63242
6.43		-22.65027
6.45		-22.66784
6.47		-22.68513
6.49		-22.70215
6.51		-22.7189
6.53		-22.73538
6.55		-22.75161
6.57		-22.76758
6.59		-22.78329
6.61		-22.79876
6.63		-22.81398
6.65		-22.82895
6.67		-22.84369
6.69		-22.8582
6.71		-22.87247
6.73		-22.88652
6.75		-22.90035
6.77		-22.91395
6.79		-22.92734
6.81		-22.94051
6.83		-22.95347
6.85		-22.96622
6.87		-22.97878
6.89		-22.99113
6.91		-23.00328
6.93		-23.01524
6.95		-23.027
6.97		-23.03858
6.99		-23.04997
7.01		-23.06118
7.03		-23.07221
7.05		-23.08307
7.07		-23.09374
7.09		-23.10425
7.11		-23.11459
7.13		-23.12476
7.15		-23.13477
7.17		-23.14461
7.19		-23.1543
7.21		-23.16383
7.23		-23.17321
7.25		-23.18243
7.27		-23.19151
7.29		-23.20044
7.31		-23.20923
7.33		-23.21787
7.35		-23.22638
7.37		-23.23474
7.39		-23.24298
7.41		-23.25107
7.43		-23.25904
7.45		-23.26688
7.47		-23.27459
7.49		-23.28218
7.51		-23.28964
7.53		-23.29698
7.55		-23.30421
7.57		-23.31131
7.59		-23.3183
7.61		-23.32518
7.63		-23.33195
7.65		-23.3386
7.67		-23.34515
7.69		-23.35159
7.71		-23.35793
7.73		-23.36416
7.75		-23.37029
7.77		-23.37633
7.79		-23.38226
7.81		-23.3881
7.83		-23.39384
7.85		-23.39949
7.87		-23.40505
7.89		-23.41051
7.91		-23.41589
7.93		-23.42118
7.95		-23.42638
7.97		-23.4315
7.99		-23.43653
8.01		-23.44149
8.03		-23.44636
8.05		-23.45115
8.07		-23.45586
8.09		-23.4605
8.11		-23.46506
8.13		-23.46955
8.15		-23.47396
8.17		-23.4783
8.19		-23.48257
8.21		-23.48677
8.23		-23.4909
8.25		-23.49497
8.28		-23.49897
8.30		-23.5029
8.32		-23.50677
8.34		-23.51057
8.36		-23.51431
8.38		-23.518
8.40		-23.52162
8.42		-23.52518
8.44		-23.52868
8.46		-23.53213
8.48		-23.53552
8.50		-23.53885
8.52		-23.54213
8.54		-23.54535
8.56		-23.54853
8.58		-23.55165
8.60		-23.55472
8.62		-23.55774
8.64		-23.56071
8.66		-23.56363
8.68		-23.5665
8.70		-23.56932
8.72		-23.5721
8.74		-23.57483
8.76		-23.57752
8.78		-23.58017
8.80		-23.58277
8.82		-23.58533
8.84		-23.58784
8.86		-23.59032
8.88		-23.59275
8.90		-23.59515
8.92		-23.5975
8.94		-23.59982
8.96		-23.6021
8.98		-23.60434
9.00		-23.60654
9.02		-23.60871
9.04		-23.61085
9.06		-23.61294
9.08		-23.61501
9.10		-23.61703
9.12		-23.61903
9.14		-23.62099
9.16		-23.62292
9.18		-23.62482
9.20		-23.62669
9.22		-23.62852
9.24		-23.63033
9.26		-23.63211
9.28		-23.63385
9.30		-23.63557
9.32		-23.63726
9.34		-23.63893
9.36		-23.64056
9.38		-23.64217
9.40		-23.64375
9.42		-23.64531
9.44		-23.64684
9.46		-23.64834
9.48		-23.64982
9.50		-23.65128
9.52		-23.65271
9.54		-23.65412
9.56		-23.6555
9.58		-23.65686
9.60		-23.6582
9.62		-23.65952
9.64		-23.66082
9.66		-23.66209
9.68		-23.66334
9.70		-23.66458
9.72		-23.66579
9.74		-23.66698
9.76		-23.66815
9.78		-23.66931
9.80		-23.67044
9.82		-23.67156
9.84		-23.67266
9.86		-23.67373
9.88		-23.6748
9.90		-23.67584
9.92		-23.67687
9.94		-23.67788
9.96		-23.67887
9.98		-23.67985
10.00		-23.68081
10.02		-23.68176
10.04		-23.68269
10.06		-23.6836
10.08		-23.6845
10.10		-23.68538
10.12		-23.68625
10.14		-23.68711
10.16		-23.68795
10.18		-23.68878
10.20		-23.68959
10.22		-23.69039
10.24		-23.69118
10.26		-23.69195
10.28		-23.69271
10.30		-23.69346
10.32		-23.6942
10.34		-23.69493
10.36		-23.69564
10.38		-23.69634
10.40		-23.69703
10.42		-23.6977
10.44		-23.69837
10.46		-23.69902
10.48		-23.69967
10.50		-23.7003
10.52		-23.70093
10.54		-23.70154
10.56		-23.70214
10.58		-23.70274
10.60		-23.70332
10.62		-23.70389
10.64		-23.70446
10.66		-23.70501
10.68		-23.70556
10.70		-23.70609
10.72		-23.70662
10.74		-23.70714
10.76		-23.70765
10.78		-23.70815
10.80		-23.70865
10.82		-23.70914
10.84		-23.70961
10.86		-23.71008
10.88		-23.71054
10.90		-23.711
10.92		-23.71144
10.94		-23.71188
10.96		-23.71232
10.98		-23.71274
11.00		-23.71316
11.02		-23.71357
11.04		-23.71398
11.06		-23.71437
11.08		-23.71477
11.10		-23.71515
11.12		-23.71553
11.14		-23.7159
11.16		-23.71627
11.18		-23.71663
11.20		-23.71698
11.22		-23.71733
11.24		-23.71767
11.26		-23.71801
11.28		-23.71834
11.30		-23.71867
11.32		-23.71899
11.34		-23.71931
11.36		-23.71961
11.38		-23.71992
11.40		-23.72022
11.42		-23.72051
11.44		-23.7208
11.46		-23.72109
11.48		-23.72137
11.50		-23.72165
11.52		-23.72192
11.54		-23.72218
11.56		-23.72245
11.58		-23.7227
11.60		-23.72296
11.62		-23.72321
11.64		-23.72345
11.66		-23.72369
11.68		-23.72393
11.70		-23.72416
11.72		-23.72439
11.74		-23.72462
11.76		-23.72484
11.78		-23.72506
11.80		-23.72527
11.82		-23.72548
11.84		-23.72569
11.86		-23.72589
11.88		-23.7261
11.90		-23.72629
11.92		-23.72649
11.94		-23.72668
11.96		-23.72687
11.98		-23.72705
12.00		-23.72723
12.02		-23.72741
12.04		-23.72759
12.06		-23.72776
12.08		-23.72793
12.10		-23.7281
12.12		-23.72826
12.14		-23.72843
12.16		-23.72858
12.18		-23.72874
12.20		-23.7289
12.22		-23.72905
12.24		-23.72919
12.26		-23.72934
12.28		-23.72948
12.30		-23.72963
12.32		-23.72976
12.34		-23.7299
12.36		-23.73004
12.38		-23.73017
12.40		-23.7303
12.42		-23.73043
12.44		-23.73055
12.46		-23.73068
12.48		-23.7308
12.50		-23.73092
12.52		-23.73104
12.54		-23.73115
12.56		-23.73127
12.58		-23.73138
12.60		-23.73149
12.62		-23.7316
12.64		-23.73171
12.66		-23.73181
12.68		-23.73191
12.70		-23.73202
12.72		-23.73211
12.74		-23.73221
12.76		-23.73231
12.78		-23.7324
12.80		-23.7325
12.82		-23.73259
12.84		-23.73268
12.86		-23.73277
12.88		-23.73286
12.90		-23.73294
12.92		-23.73303
12.94		-23.73311
12.96		-23.73319
12.98		-23.73327
13.00		-23.73335
13.02		-23.73343
13.04		-23.73351
13.06		-23.73358
13.08		-23.73365
13.10		-23.73373
13.12		-23.7338
13.14		-23.73387
13.16		-23.73394
13.18		-23.73401
13.20		-23.73407
13.22		-23.73414
13.24		-23.7342
13.26		-23.73427
13.28		-23.73433
13.30		-23.73439
13.32		-23.73445
13.34		-23.73451
13.36		-23.73457
13.38		-23.73463
13.40		-23.73468
13.42		-23.73474
13.44		-23.73479
13.46		-23.73485
13.48		-23.7349
13.50		-23.73495
13.52		-23.735
13.54		-23.73505
13.56		-23.7351
13.58		-23.73515
13.60		-23.7352
13.62		-23.73525
13.64		-23.73529
13.66		-23.73534
13.68		-23.73539
13.70		-23.73543
13.72		-23.73547
13.74		-23.73552
13.76		-23.73556
13.78		-23.7356
13.80		-23.73564
13.82		-23.73568
13.84		-23.73572
13.86		-23.73576
13.88		-23.7358
13.90		-23.73583
13.92		-23.73587
13.94		-23.73591
13.96		-23.73594
13.98		-23.73598
14.00		-23.73601
14.02		-23.73605
14.04		-23.73608
14.06		-23.73611
14.08		-23.73614
14.10		-23.73618
14.12		-23.73621
14.14		-23.73624
14.16		-23.73627
14.18		-23.7363
14.20		-23.73632
14.22		-23.73635
14.24		-23.73638
14.26		-23.73641
14.28		-23.73643
14.30		-23.73646
14.32		-23.73649
14.34		-23.73652
14.36		-23.73654
14.38		-23.73656
14.40		-23.73659
14.42		-23.73661
14.44		-23.73664
14.46		-23.73666
14.48		-23.73668
14.50		-23.73671
14.52		-23.73673
14.54		-23.73675
14.56		-23.73677
14.58		-23.73679
14.60		-23.73681
14.62		-23.73683
14.64		-23.73685
14.66		-23.73687
14.68		-23.73689
14.70		-23.73691
14.72		-23.73693
14.74		-23.73695
14.76		-23.73697
14.78		-23.73699
14.80		-23.737
14.82		-23.73702
14.84		-23.73704
14.86		-23.73705
14.88		-23.73707
14.90		-23.73709
14.92		-23.7371
14.94		-23.73712
14.96		-23.73713
14.98		-23.73715
15.00		-23.73717